4: 1 2 1 1 3 1 1 4 1 2 3 1 2 4 1 3 4 1 : 0 0 0 1//2 -11//2 55//2 -165//2
6: 1 2 1 1 3 1 2 6 1 3 4 1 4 5 1 5 6 1 : 0 0 0 0 0 1//1 -11//1
5: 1 2 1 2 3 1 2 5 1 3 4 1 3 5 1 : 0 0 0 0 54//1 -702//1 4212//1
2: 1 2 1 : 0 3//1 -21//1 63//1 -105//1 105//1 -63//1
7: 1 2 1 1 5 1 2 3 1 3 4 1 4 6 1 6 7 1 : 0 0 0 0 0 0 699//1
1: : 1//1 -5//1 10//1 -10//1 5//1 -1//1 0//1
5: 1 2 1 1 5 1 2 3 1 3 4 1 : 0 0 0 0 81//1 -1047//1 6246//1
7: 1 2 1 1 5 1 2 3 1 2 5 1 3 4 1 3 6 1 3 7 1 4 6 1 4 7 1 6 7 1 : 0 0 0 0 0 0 18//1
6: 1 2 1 1 5 1 2 3 1 3 4 1 4 6 1 : 0 0 0 0 0 237//1 -3531//1
7: 1 2 1 1 5 1 1 6 1 2 3 1 2 5 1 3 4 1 6 7 1 : 0 0 0 0 0 0 474//1
7: 1 2 1 1 5 1 1 6 1 2 3 1 2 5 1 3 4 1 4 7 1 : 0 0 0 0 0 0 948//1
7: 1 2 1 1 5 1 2 3 1 2 5 1 2 6 1 2 7 1 3 4 1 3 6 1 3 7 1 6 7 1 : 0 0 0 0 0 0 54//1
7: 1 2 1 1 5 1 2 3 1 2 5 1 2 7 1 3 4 1 3 6 1 3 7 1 4 6 1 : 0 0 0 0 0 0 54//1
6: 1 2 1 1 5 1 1 6 1 2 3 1 2 5 1 2 6 1 3 4 1 5 6 1 : 0 0 0 0 0 18//1 -270//1
7: 1 2 1 1 5 1 1 6 1 1 7 1 2 3 1 2 5 1 3 4 1 6 7 1 : 0 0 0 0 0 0 324//1
7: 1 2 1 1 4 1 1 6 1 2 3 1 2 4 1 2 5 1 2 6 1 2 7 1 3 5 1 3 7 1 4 6 1 5 7 1 : 0 0 0 0 0 0 1//1
7: 1 2 1 1 5 1 1 6 1 2 3 1 2 5 1 3 4 1 5 7 1 : 0 0 0 0 0 0 486//1
4: 1 2 1 2 3 1 3 4 1 : 0 0 0 27//1 -297//1 1485//1 -4455//1
4: 1 2 1 1 4 1 2 3 1 2 4 1 : 0 0 0 18//1 -198//1 990//1 -2970//1
6: 1 2 1 1 5 1 2 3 1 2 5 1 3 4 1 3 6 1 4 6 1 : 0 0 0 0 0 27//1 -405//1
7: 1 2 1 1 5 1 1 6 1 2 3 1 2 5 1 2 7 1 3 4 1 3 7 1 : 0 0 0 0 0 0 324//1
7: 1 2 1 1 5 1 2 3 1 2 5 1 3 4 1 4 6 1 4 7 1 6 7 1 : 0 0 0 0 0 0 81//1
7: 1 2 1 1 5 1 2 3 1 2 5 1 2 6 1 3 4 1 3 6 1 6 7 1 : 0 0 0 0 0 0 162//1
6: 1 2 1 1 5 1 1 6 1 2 3 1 2 5 1 3 4 1 : 0 0 0 0 0 324//1 -4836//1
7: 1 2 1 1 7 1 2 3 1 2 7 1 3 4 1 4 5 1 5 6 1 6 7 1 : 0 0 0 0 0 0 12//1
5: 1 2 1 1 5 1 2 3 1 2 5 1 3 4 1 : 0 0 0 0 54//1 -702//1 4212//1
7: 1 2 1 1 5 1 1 7 1 2 3 1 2 5 1 2 7 1 3 4 1 4 6 1 5 7 1 : 0 0 0 0 0 0 54//1
7: 1 2 1 2 3 1 2 5 1 2 7 1 3 4 1 3 5 1 3 7 1 5 6 1 5 7 1 : 0 0 0 0 0 0 54//1
6: 1 2 1 2 3 1 2 5 1 2 6 1 3 4 1 3 5 1 3 6 1 5 6 1 : 0 0 0 0 0 27//1 -405//1
6: 1 2 1 1 4 1 1 6 1 2 3 1 2 4 1 2 5 1 2 6 1 3 5 1 4 6 1 : 0 0 0 0 0 6//1 -90//1
5: 1 2 1 1 4 1 1 5 1 2 3 1 2 4 1 2 5 1 4 5 1 : 0 0 0 0 6//1 -78//1 468//1
7: 1 2 1 1 5 1 1 6 1 1 7 1 2 3 1 2 5 1 2 7 1 3 4 1 5 7 1 : 0 0 0 0 0 0 162//1
3: 1 2 1 1 3 1 2 3 1 : 0 0 2//1 -18//1 72//1 -168//1 252//1
3: 1 2 1 2 3 1 : 0 0 9//1 -81//1 324//1 -756//1 1134//1
6: 1 2 1 2 3 1 2 5 1 3 4 1 3 5 1 5 6 1 : 0 0 0 0 0 54//1 -810//1
5: 1 2 1 1 4 1 2 3 1 2 4 1 2 5 1 3 5 1 : 0 0 0 0 9//1 -117//1 702//1
7: 1 2 1 1 5 1 2 3 1 2 5 1 3 4 1 4 6 1 6 7 1 : 0 0 0 0 0 0 462//1
6: 1 2 1 1 5 1 2 3 1 2 5 1 3 4 1 4 6 1 : 0 0 0 0 0 162//1 -2406//1
7: 1 2 1 1 5 1 1 6 1 2 3 1 2 5 1 3 4 1 3 7 1 4 7 1 : 0 0 0 0 0 0 324//1
6: 1 2 1 1 5 1 2 3 1 2 5 1 2 6 1 3 4 1 3 6 1 : 0 0 0 0 0 108//1 -1620//1
7: 1 2 1 1 5 1 1 7 1 2 3 1 2 5 1 2 6 1 2 7 1 3 4 1 3 6 1 5 7 1 : 0 0 0 0 0 0 36//1
